name = K00087.01
ra = 289.217499
dec = 47.88446
rprs = 0.021777742485
period = 289.864456
photfile = transit.txt
[constraints]
maxrad = 1.05
secthresh = 9.593e-05