name = EPIC248463350.01
ra = 161.735077
dec =	1.936711
rprs = 0.036485216
period = 6.393653
photfile = transit.txt
[constraints]
maxrad = 16.3
secthresh = 6.0023e-05
