ra = 161.735077
dec = 1.936711
J = 12.034, 0.021
H = 11.717, 0.022
K = 11.717, 0.021
Kepler = 12.991

Teff = 5847.04, 57
feh = -0.110, 0.080
logg = 4.148, 0.102