name = ep205944181b
ra = 22:15:41.978
dec = -16:33:48.74

period = 2.47564436563
rprs = 0.171979272241
photfile = foldedlc.csv

[constraints]
maxrad = 18.1530155595
secthresh = 4.18895615041e-05
ccfiles = 205944181P-sh20150928a_r.cc, 205944181P-sh20150928b_z.cc, 205944181I-dc20150806_K.cc
