name = ep201352100b
ra = 184.035298
dec = -1.673686

period = 13.3836334727
rprs = 0.0322784008702
photfile = foldedlc.csv

[constraints]
maxrad = 15.0270333368
secthresh = 9.54118782787e-05
ccfiles = 201352100I-sh20170315b_g.cc, 201352100I-sh20170315r_z.cc
