name = ep202900527b
ra = 16:27:14.676
dec = -27:57:25.38

period = 13.0082824306
rprs = 0.100820533637
photfile = foldedlc.csv

[constraints]
maxrad = 18.1530155595
secthresh = 0.000250882972944
ccfiles = 202900527I-dc20160217_K.cc, 202900527I-dc20160217_K.cc
