name = ep220397060b
ra = 00:34:47.324
dec = +04:39:27.92

period = 12.0921148236
rprs = 0.0523288182087
photfile = foldedlc.csv

[constraints]
maxrad = 18.1530155595
secthresh = 5.63540062101e-05
ccfiles = 220397060I-sh20161018b_g.cc, 220397060I-dc20160919_J.cc, 220397060I-dc20160919_K.cc, 220397060I-sh20161018r_z.cc
